bboxes: 0.548603254098; 304.0; 292.0; 80.0; 40.0, 0.542971674668; 320.0; 172.0; 80.0; 40.0, 0.541078405852; 352.0; 284.0; 80.0; 40.0, 0.540787357583; 288.0; 198.0; 120.0; 60.0, 0.538186572681; 171.0; 117.0; 180.0; 90.0, 0.536907980841; 368.0; 228.0; 80.0; 40.0, 0.536776608162; 294.0; 288.0; 120.0; 60.0, 0.532935026787; 348.0; 156.0; 120.0; 60.0, 0.532783071717; 396.0; 234.0; 120.0; 60.0, 0.531996642488; 284.0; 256.0; 80.0; 40.0, 0.528849650388; 354.0; 198.0; 120.0; 60.0, 0.525848590733; 180.0; 268.0; 80.0; 40.0, 0.524219354601; 136.0; 188.0; 80.0; 40.0, 0.524032935919; 387.0; 108.0; 180.0; 90.0, 0.523566822025; 384.0; 40.0; 80.0; 40.0, 0.523225020273; 348.0; 32.0; 80.0; 40.0, 0.522539537462; 304.0; 44.0; 80.0; 40.0, 0.52244116863; 252.0; 312.0; 80.0; 40.0, 0.521775904435; 186.0; 222.0; 120.0; 60.0, 0.520639853454; 144.0; 360.0; 180.0; 90.0, 0.52028959055; 306.0; 153.0; 180.0; 90.0, 0.518677928719; 352.0; 256.0; 80.0; 40.0, 0.518575431795; 92.0; 296.0; 80.0; 40.0, 0.51808096063; 189.0; 225.0; 180.0; 90.0, 0.517396429298; 378.0; 216.0; 180.0; 90.0, 0.51693806653; 384.0; 16.0; 80.0; 40.0, 0.516927328559; 336.0; 128.0; 80.0; 40.0, 0.516438463986; 356.0; 0.0; 80.0; 40.0, 0.515432422108; 216.0; 8.0; 80.0; 40.0, 0.513989072892; 372.0; 80.0; 80.0; 40.0, 0.511904673771; 297.0; 27.0; 180.0; 90.0, 0.51176574388; 198.0; 180.0; 180.0; 90.0, 0.510214248585; 426.0; 324.0; 120.0; 60.0, 0.50983844272; 243.0; 288.0; 180.0; 90.0, 0.509777545704; 204.0; 436.0; 80.0; 40.0, 0.50958089518; 76.0; 320.0; 80.0; 40.0, 0.508303733885; 294.0; 102.0; 120.0; 60.0, 0.508007279088; 188.0; 296.0; 80.0; 40.0, 0.506702159446; 244.0; 72.0; 80.0; 40.0, 0.50563641832; 384.0; 0.0; 120.0; 60.0, 0.505596931725; 204.0; 426.0; 120.0; 60.0, 0.503543172377; 388.0; 364.0; 80.0; 40.0, 0.50241745752; 312.0; 428.0; 80.0; 40.0, 0.501761932249; 306.0; 252.0; 180.0; 90.0, 0.501451559494; 80.0; 76.0; 80.0; 40.0, 0.501187592538; 88.0; 400.0; 80.0; 40.0, 0.501094442399; 280.0; 8.0; 80.0; 40.0, 0.500898993528; 168.0; 282.0; 120.0; 60.0, 0.500505210945; 40.0; 36.0; 80.0; 40.0, 0.500347606624; 328.0; 448.0; 80.0; 40.0, 0.500313531689; 216.0; 54.0; 180.0; 90.0, 0.500135739411; 592.0; 260.0; 80.0; 40.0, 0.500021543108; 294.0; 408.0; 120.0; 60.0
gtruths: 66.0; 142.0; 580.0; 198.0
n_FP: 53
n_misses: 1